255,255,254,64,131,30,4,1,66,2,0,2,2,86,1,0,2,3,125,0,0,2,4,21,2,0,2,5,122,2,0,2,6,110,3,0,2,7,193,1,0,2,8,88,1,0,2,9,127,0,0,2,10,232,1,0,2,11,177,2,0,2,12,145,3,0,2,208
255,255,254,64,131,30,4,1,57,2,0,2,2,52,1,0,2,3,103,0,0,2,4,24,2,0,2,5,122,2,0,2,6,110,3,0,2,7,196,1,0,2,8,87,1,0,2,9,125,0,0,2,10,235,1,0,2,11,178,2,0,2,12,146,3,0,2,9
255,255,254,64,131,30,4,1,47,2,0,2,2,18,1,0,2,3,84,0,0,2,4,28,2,0,2,5,122,2,0,2,6,109,3,0,2,7,199,1,0,2,8,86,1,0,2,9,123,0,0,2,10,238,1,0,2,11,178,2,0,2,12,146,3,0,2,66
255,255,254,64,131,30,4,1,38,2,0,2,2,245,0,0,2,3,69,0,0,2,4,31,2,0,2,5,122,2,0,2,6,108,3,0,2,7,202,1,0,2,8,85,1,0,2,9,122,0,0,2,10,242,1,0,2,11,178,2,0,2,12,147,3,0,2,112
255,255,254,64,131,30,4,1,28,2,0,2,2,220,0,0,2,3,57,0,0,2,4,34,2,0,2,5,121,2,0,2,6,107,3,0,2,7,205,1,0,2,8,84,1,0,2,9,120,0,0,2,10,245,1,0,2,11,178,2,0,2,12,147,3,0,2,155
255,255,254,64,131,30,4,1,18,2,0,2,2,202,0,0,2,3,50,0,0,2,4,37,2,0,2,5,121,2,0,2,6,106,3,0,2,7,208,1,0,2,8,83,1,0,2,9,119,0,0,2,10,249,1,0,2,11,178,2,0,2,12,147,3,0,2,183
255,255,254,64,131,30,4,1,8,2,0,2,2,193,0,0,2,3,46,0,0,2,4,41,2,0,2,5,120,2,0,2,6,105,3,0,2,7,211,1,0,2,8,83,1,0,2,9,117,0,0,2,10,252,1,0,2,11,179,2,0,2,12,148,3,0,2,198
255,255,254,64,131,30,4,1,254,1,0,2,2,192,0,0,2,3,46,0,0,2,4,44,2,0,2,5,120,2,0,2,6,104,3,0,2,7,214,1,0,2,8,82,1,0,2,9,116,0,0,2,10,255,1,0,2,11,179,2,0,2,12,148,3,0,2,204
255,255,254,64,131,30,4,1,244,1,0,2,2,199,0,0,2,3,48,0,0,2,4,47,2,0,2,5,119,2,0,2,6,103,3,0,2,7,218,1,0,2,8,81,1,0,2,9,115,0,0,2,10,3,2,0,2,11,179,2,0,2,12,148,3,0,2,197
255,255,254,64,131,30,4,1,234,1,0,2,2,214,0,0,2,3,55,0,0,2,4,50,2,0,2,5,119,2,0,2,6,102,3,0,2,7,221,1,0,2,8,81,1,0,2,9,114,0,0,2,10,6,2,0,2,11,178,2,0,2,12,147,3,0,2,180
255,255,254,64,131,30,4,1,224,1,0,2,2,237,0,0,2,3,65,0,0,2,4,53,2,0,2,5,118,2,0,2,6,100,3,0,2,7,224,1,0,2,8,80,1,0,2,9,113,0,0,2,10,9,2,0,2,11,178,2,0,2,12,147,3,0,2,153
255,255,254,64,131,30,4,1,214,1,0,2,2,10,1,0,2,3,79,0,0,2,4,56,2,0,2,5,117,2,0,2,6,99,3,0,2,7,227,1,0,2,8,80,1,0,2,9,112,0,0,2,10,13,2,0,2,11,178,2,0,2,12,147,3,0,2,112
255,255,254,64,131,30,4,1,205,1,0,2,2,43,1,0,2,3,97,0,0,2,4,60,2,0,2,5,117,2,0,2,6,97,3,0,2,7,231,1,0,2,8,79,1,0,2,9,111,0,0,2,10,16,2,0,2,11,178,2,0,2,12,146,3,0,2,64
255,255,254,64,131,30,4,1,195,1,0,2,2,77,1,0,2,3,119,0,0,2,4,63,2,0,2,5,116,2,0,2,6,96,3,0,2,7,234,1,0,2,8,79,1,0,2,9,111,0,0,2,10,19,2,0,2,11,178,2,0,2,12,146,3,0,2,11
255,255,254,64,131,30,4,1,194,1,0,2,2,88,1,0,2,3,126,0,0,2,4,59,2,0,2,5,132,2,0,2,6,108,3,0,2,7,237,1,0,2,8,78,1,0,2,9,110,0,0,2,10,23,2,0,2,11,177,2,0,2,12,145,3,0,2,223
255,255,254,64,131,30,4,1,197,1,0,2,2,87,1,0,2,3,124,0,0,2,4,50,2,0,2,5,165,2,0,2,6,132,3,0,2,7,241,1,0,2,8,78,1,0,2,9,110,0,0,2,10,26,2,0,2,11,177,2,0,2,12,145,3,0,2,168
255,255,254,64,131,30,4,1,200,1,0,2,2,86,1,0,2,3,122,0,0,2,4,40,2,0,2,5,195,2,0,2,6,152,3,0,2,7,244,1,0,2,8,78,1,0,2,9,109,0,0,2,10,29,2,0,2,11,176,2,0,2,12,144,3,0,2,125
255,255,254,64,131,30,4,1,203,1,0,2,2,85,1,0,2,3,121,0,0,2,4,31,2,0,2,5,223,2,0,2,6,168,3,0,2,7,247,1,0,2,8,78,1,0,2,9,109,0,0,2,10,33,2,0,2,11,176,2,0,2,12,143,3,0,2,83
255,255,254,64,131,30,4,1,206,1,0,2,2,84,1,0,2,3,119,0,0,2,4,21,2,0,2,5,244,2,0,2,6,180,3,0,2,7,251,1,0,2,8,78,1,0,2,9,109,0,0,2,10,36,2,0,2,11,175,2,0,2,12,142,3,0,2,55
255,255,254,64,131,30,4,1,210,1,0,2,2,83,1,0,2,3,118,0,0,2,4,11,2,0,2,5,2,3,0,2,6,188,3,0,2,7,254,1,0,2,8,77,1,0,2,9,108,0,0,2,10,39,2,0,2,11,175,2,0,2,12,141,3,0,2,37
255,255,254,64,131,30,4,1,213,1,0,2,2,82,1,0,2,3,117,0,0,2,4,1,2,0,2,5,9,3,0,2,6,190,3,0,2,7,1,2,0,2,8,77,1,0,2,9,108,0,0,2,10,42,2,0,2,11,174,2,0,2,12,140,3,0,2,32
255,255,254,64,131,30,4,1,216,1,0,2,2,82,1,0,2,3,116,0,0,2,4,246,1,0,2,5,6,3,0,2,6,189,3,0,2,7,5,2,0,2,8,77,1,0,2,9,108,0,0,2,10,45,2,0,2,11,173,2,0,2,12,138,3,0,2,42
255,255,254,64,131,30,4,1,219,1,0,2,2,81,1,0,2,3,114,0,0,2,4,236,1,0,2,5,251,2,0,2,6,184,3,0,2,7,8,2,0,2,8,78,1,0,2,9,109,0,0,2,10,49,2,0,2,11,172,2,0,2,12,137,3,0,2,62
255,255,254,64,131,30,4,1,222,1,0,2,2,80,1,0,2,3,113,0,0,2,4,226,1,0,2,5,232,2,0,2,6,174,3,0,2,7,12,2,0,2,8,78,1,0,2,9,109,0,0,2,10,52,2,0,2,11,172,2,0,2,12,136,3,0,2,94
255,255,254,64,131,30,4,1,226,1,0,2,2,80,1,0,2,3,113,0,0,2,4,217,1,0,2,5,207,2,0,2,6,159,3,0,2,7,15,2,0,2,8,78,1,0,2,9,109,0,0,2,10,55,2,0,2,11,171,2,0,2,12,134,3,0,2,136
255,255,254,64,131,30,4,1,229,1,0,2,2,79,1,0,2,3,112,0,0,2,4,207,1,0,2,5,177,2,0,2,6,140,3,0,2,7,18,2,0,2,8,78,1,0,2,9,110,0,0,2,10,58,2,0,2,11,170,2,0,2,12,133,3,0,2,189
255,255,254,64,131,30,4,1,232,1,0,2,2,79,1,0,2,3,111,0,0,2,4,198,1,0,2,5,145,2,0,2,6,118,3,0,2,7,22,2,0,2,8,78,1,0,2,9,110,0,0,2,10,61,2,0,2,11,169,2,0,2,12,131,3,0,2,246
255,255,254,64,131,30,4,1,236,1,0,2,2,79,1,0,2,3,110,0,0,2,4,190,1,0,2,5,116,2,0,2,6,95,3,0,2,7,25,2,0,2,8,79,1,0,2,9,111,0,0,2,10,64,2,0,2,11,168,2,0,2,12,129,3,0,2,42
255,255,254,64,131,30,4,1,239,1,0,2,2,78,1,0,2,3,110,0,0,2,4,193,1,0,2,5,116,2,0,2,6,97,3,0,2,7,28,2,0,2,8,79,1,0,2,9,111,0,0,2,10,55,2,0,2,11,202,2,0,2,12,152,3,0,2,240
255,255,254,64,131,30,4,1,242,1,0,2,2,78,1,0,2,3,109,0,0,2,4,196,1,0,2,5,117,2,0,2,6,98,3,0,2,7,32,2,0,2,8,80,1,0,2,9,112,0,0,2,10,45,2,0,2,11,235,2,0,2,12,171,3,0,2,185
255,255,254,64,131,30,4,1,246,1,0,2,2,78,1,0,2,3,109,0,0,2,4,200,1,0,2,5,118,2,0,2,6,100,3,0,2,7,35,2,0,2,8,80,1,0,2,9,113,0,0,2,10,36,2,0,2,11,10,3,0,2,12,187,3,0,2,131
255,255,254,64,131,30,4,1,249,1,0,2,2,78,1,0,2,3,109,0,0,2,4,203,1,0,2,5,118,2,0,2,6,101,3,0,2,7,38,2,0,2,8,81,1,0,2,9,114,0,0,2,10,26,2,0,2,11,35,3,0,2,12,198,3,0,2,93
255,255,254,64,131,30,4,1,252,1,0,2,2,77,1,0,2,3,108,0,0,2,4,206,1,0,2,5,119,2,0,2,6,103,3,0,2,7,41,2,0,2,8,81,1,0,2,9,115,0,0,2,10,16,2,0,2,11,53,3,0,2,12,206,3,0,2,66
255,255,254,64,131,30,4,1,0,2,0,2,2,77,1,0,2,3,108,0,0,2,4,209,1,0,2,5,120,2,0,2,6,104,3,0,2,7,45,2,0,2,8,82,1,0,2,9,116,0,0,2,10,6,2,0,2,11,63,3,0,2,12,210,3,0,2,46
255,255,254,64,131,30,4,1,3,2,0,2,2,77,1,0,2,3,108,0,0,2,4,212,1,0,2,5,120,2,0,2,6,105,3,0,2,7,48,2,0,2,8,83,1,0,2,9,118,0,0,2,10,252,1,0,2,11,65,3,0,2,12,211,3,0,2,41
255,255,254,64,131,30,4,1,6,2,0,2,2,77,1,0,2,3,109,0,0,2,4,215,1,0,2,5,121,2,0,2,6,106,3,0,2,7,51,2,0,2,8,84,1,0,2,9,119,0,0,2,10,241,1,0,2,11,58,3,0,2,12,208,3,0,2,48
255,255,254,64,131,30,4,1,10,2,0,2,2,78,1,0,2,3,109,0,0,2,4,219,1,0,2,5,121,2,0,2,6,107,3,0,2,7,54,2,0,2,8,84,1,0,2,9,120,0,0,2,10,231,1,0,2,11,43,3,0,2,12,202,3,0,2,65
255,255,254,64,131,30,4,1,13,2,0,2,2,78,1,0,2,3,109,0,0,2,4,222,1,0,2,5,121,2,0,2,6,108,3,0,2,7,57,2,0,2,8,85,1,0,2,9,122,0,0,2,10,222,1,0,2,11,20,3,0,2,12,192,3,0,2,94
255,255,254,64,131,30,4,1,17,2,0,2,2,78,1,0,2,3,109,0,0,2,4,225,1,0,2,5,122,2,0,2,6,109,3,0,2,7,60,2,0,2,8,86,1,0,2,9,123,0,0,2,10,212,1,0,2,11,248,2,0,2,12,178,3,0,2,133
255,255,254,64,131,30,4,1,20,2,0,2,2,78,1,0,2,3,110,0,0,2,4,228,1,0,2,5,122,2,0,2,6,109,3,0,2,7,63,2,0,2,8,87,1,0,2,9,125,0,0,2,10,202,1,0,2,11,216,2,0,2,12,160,3,0,2,180
255,255,254,64,131,30,4,1,23,2,0,2,2,79,1,0,2,3,110,0,0,2,4,232,1,0,2,5,122,2,0,2,6,110,3,0,2,7,66,2,0,2,8,86,1,0,2,9,125,0,0,2,10,193,1,0,2,11,181,2,0,2,12,138,3,0,2,235
255,255,254,64,131,30,4,1,27,2,0,2,2,79,1,0,2,3,111,0,0,2,4,235,1,0,2,5,123,2,0,2,6,111,3,0,2,7,57,2,0,2,8,52,1,0,2,9,103,0,0,2,10,192,1,0,2,11,168,2,0,2,12,130,3,0,2,56
255,255,254,64,131,30,4,1,30,2,0,2,2,79,1,0,2,3,112,0,0,2,4,238,1,0,2,5,123,2,0,2,6,111,3,0,2,7,47,2,0,2,8,18,1,0,2,9,84,0,0,2,10,195,1,0,2,11,169,2,0,2,12,132,3,0,2,106
255,255,254,64,131,30,4,1,33,2,0,2,2,80,1,0,2,3,113,0,0,2,4,242,1,0,2,5,123,2,0,2,6,111,3,0,2,7,38,2,0,2,8,245,0,0,2,9,69,0,0,2,10,198,1,0,2,11,170,2,0,2,12,134,3,0,2,145
255,255,254,64,131,30,4,1,36,2,0,2,2,80,1,0,2,3,114,0,0,2,4,245,1,0,2,5,123,2,0,2,6,112,3,0,2,7,28,2,0,2,8,220,0,0,2,9,57,0,0,2,10,201,1,0,2,11,171,2,0,2,12,135,3,0,2,179
255,255,254,64,131,30,4,1,40,2,0,2,2,81,1,0,2,3,115,0,0,2,4,249,1,0,2,5,123,2,0,2,6,112,3,0,2,7,18,2,0,2,8,202,0,0,2,9,50,0,0,2,10,204,1,0,2,11,172,2,0,2,12,137,3,0,2,198
255,255,254,64,131,30,4,1,43,2,0,2,2,82,1,0,2,3,116,0,0,2,4,252,1,0,2,5,123,2,0,2,6,112,3,0,2,7,8,2,0,2,8,193,0,0,2,9,46,0,0,2,10,207,1,0,2,11,173,2,0,2,12,138,3,0,2,208
255,255,254,64,131,30,4,1,46,2,0,2,2,82,1,0,2,3,117,0,0,2,4,255,1,0,2,5,123,2,0,2,6,112,3,0,2,7,254,1,0,2,8,192,0,0,2,9,46,0,0,2,10,211,1,0,2,11,174,2,0,2,12,139,3,0,2,207
255,255,254,64,131,30,4,1,49,2,0,2,2,83,1,0,2,3,118,0,0,2,4,3,2,0,2,5,123,2,0,2,6,112,3,0,2,7,244,1,0,2,8,199,0,0,2,9,48,0,0,2,10,214,1,0,2,11,174,2,0,2,12,140,3,0,2,194
255,255,254,64,131,30,4,1,52,2,0,2,2,84,1,0,2,3,120,0,0,2,4,6,2,0,2,5,123,2,0,2,6,112,3,0,2,7,234,1,0,2,8,214,0,0,2,9,55,0,0,2,10,217,1,0,2,11,175,2,0,2,12,142,3,0,2,167
255,255,254,64,131,30,4,1,56,2,0,2,2,85,1,0,2,3,121,0,0,2,4,9,2,0,2,5,123,2,0,2,6,112,3,0,2,7,224,1,0,2,8,237,0,0,2,9,65,0,0,2,10,220,1,0,2,11,176,2,0,2,12,143,3,0,2,130
255,255,254,64,131,30,4,1,59,2,0,2,2,86,1,0,2,3,123,0,0,2,4,13,2,0,2,5,123,2,0,2,6,111,3,0,2,7,214,1,0,2,8,10,1,0,2,9,79,0,0,2,10,224,1,0,2,11,176,2,0,2,12,143,3,0,2,83
255,255,254,64,131,30,4,1,62,2,0,2,2,87,1,0,2,3,124,0,0,2,4,16,2,0,2,5,123,2,0,2,6,111,3,0,2,7,205,1,0,2,8,43,1,0,2,9,97,0,0,2,10,227,1,0,2,11,177,2,0,2,12,144,3,0,2,28
255,255,254,64,131,30,4,1,65,2,0,2,2,88,1,0,2,3,126,0,0,2,4,19,2,0,2,5,123,2,0,2,6,111,3,0,2,7,195,1,0,2,8,77,1,0,2,9,119,0,0,2,10,230,1,0,2,11,177,2,0,2,12,145,3,0,2,225
